1675863042
1675863200
1675864950
1675864975
1675864978
1675865464
1675929770
1675929788
1675929834
1675929837
1675929838
1675929840
1675929842
1675929844
1675929846
1675931672
1675931812
1675942031
1675942055
1675942067
1675944776
1675960802
1675963666
1675963675
1675963687
1675966202
1675966574
1675966896
1675968203
1675968869
1675968890
1675969576
1675970614
1675970886
1675979555
1675979770
1676012022
1676012035
1676012060
1676012145
1676012390
1676012893
1676012907
1676015017
1676015385
1676016805
1676017120
1676017122
1676017130
1676017160
1676017166
1676017185
1676017209
1676017248
1676017250
1676017258
1676017266
1676017272
1676017278
1676017284
1676017290
1676017295
1676017297
1676017303
1676017320
1676017321
1676017322
1676017343
1676017348
1676017352
1676017356
1676017364
1676017381
1676017391
1676017396
1676017397
1676017398
1676017412
1676018389
1676019856
1676020062
1676029171
1676029997
1676030278
1676040767
1676041034
1676041137
1676054807
1676056257
1676056282
1676056292
1676056293
1676056303
1676056304
1676056305
1676056306
1676056806
1676107512
1676107545
1676143130
1676152612
1676152644
1676153040
1676193658
1676194757
1676195231
1676195235
1676198187
1676200646
1676214677
1676215661
1676216271
1676216276
1676218583
1676218655
1676222834
1676225440
1676225472
1676229046
1676236543
1676243724
1676243843
1676281929
1676281978
1676282451
1676282641
1676283066
1676285819
1676285825
1676285874
1676285880
1676285883
1676285887
1676285894
1676290124
1676290211
1676293923
1676293956
1676293960
1676303672
1676310379
1676311378
1676325018
1676326854
1676329324
1676330207
1676330507
1676368821
1676370601
1676374615
1676376510
1676382597
1676392082
1676393071
1676453880
1676537829
1676538064
1676647392
1676648483
1676648670
1676658114
1676658319
1676671549
1676672206
1676754957
1676755057
1676835865
1676836535
1676875951
1676875994
1676893160
1676897289
1676903679
1676980099
1676982370
1676982928
1676982933
1676989271
1676990191
1676990408
1676990588
1676993089
1676993102
1676993144
1676993362
1677059153
1677059227
1677073489
1677073615
1677074468
1677092154
1677151296
1677169004
1677223073
1677223085
1677223086
1677223087
1677223089
1677224446
1677224870
1677225776
1677226074
1677226317
1677232005
1677232102
1677252920
1677253383
1677253478
1677262736
1677260134
1677497507
1677497737
1677498894
1677500124
1677501052
1677501162
1677501245
1677504585
1677505063
1677506738
1677506791
1677507639
1677507698
1677546185
1677546196
1677589163
1677600029
1677619235
1677622715
1677661784
1677662218
1677662354
1677665130
1677671035
1677682247
1677686000
1677826385
1677827244
1677829764
1677833325
1677844702
1677855684
1677856956
1677959621
1677959663
1677959675
1677966391
1677966674
1677971085
1677975365
1677975440
1677975463
1677976568
1677976759
1677976819
1678005165
1678005487
1678005993
1678006425
1678008585
1678011131
